1.00000000e+00 9.74385736e-04
0.00000000e+00 1.00165434e+00
0.00000000e+00 1.00165434e+00
3.98501305e-01 3.70264297e-01
3.87540009e-01 3.79322786e-01
2.71078208e-01 4.81270169e-01
6.85456121e-01 1.74983227e-01
2.65713855e-01 4.86640838e-01
3.77070240e-01 3.92353201e-01
1.92803845e-01 5.62703155e-01
4.28686094e-01 3.47502145e-01
9.02058526e-01 5.19629144e-02
6.77155807e-01 1.78389854e-01
2.31116157e-01 5.21691183e-01
1.82676944e-01 5.74385384e-01
9.75084050e-02 6.95288733e-01
5.76020203e-02 7.62543788e-01
1.87441506e-01 5.68568069e-01
3.78643739e-01 3.86450132e-01
8.36492504e-01 8.65780151e-02
4.97055930e-01 2.96776743e-01
6.92702001e-01 1.69124751e-01
5.32116008e-01 2.72269795e-01
1.09012511e-01 6.71537399e-01
8.14027512e-01 9.91980897e-02
2.40016620e-02 8.48250571e-01
4.25198959e-01 3.49990082e-01
3.07454235e-01 4.47231190e-01
9.06093727e-01 4.92822818e-02
5.29927750e-01 2.73754053e-01
3.48746759e-01 4.11140895e-01
9.39738162e-01 3.20542102e-02
5.65281724e-01 2.49875404e-01
9.82111399e-02 6.89024826e-01
3.83844189e-03 9.40204189e-01
2.59181493e-01 4.93233067e-01
2.62146929e-01 4.90122032e-01
8.40861480e-01 8.46161309e-02
1.90291962e-01 5.65737304e-01
8.71600662e-01 6.75608468e-02
5.71876579e-01 2.45317720e-01
4.02033851e-01 3.67698346e-01
4.43380535e-01 3.35989518e-01
3.34377945e-01 4.24721923e-01
7.36983362e-01 1.43055598e-01
5.09119070e-01 2.88364475e-01
9.43563618e-01 3.00476996e-02
5.75800831e-01 2.42713389e-01
3.61933480e-01 4.00286697e-01
7.89173571e-02 7.20661996e-01
2.97171919e-01 4.56988861e-01
3.71358743e-01 3.92431642e-01
3.85047283e-01 3.81399709e-01
9.44975399e-03 9.04854744e-01
7.02530128e-01 1.63420165e-01
5.00165221e-02 7.77893589e-01
9.83475355e-01 9.41921837e-03
2.77577826e-01 4.75297634e-01
4.56707897e-03 9.34626650e-01
3.50145668e-02 8.14772078e-01
1.39782585e-01 6.28328576e-01
8.56626185e-01 7.58001366e-02
6.69194008e-01 1.83436633e-01
2.27160982e-01 5.25108560e-01
6.40299456e-02 7.49374741e-01
6.61490773e-02 7.45323126e-01
2.22460391e-01 5.30173534e-01
1.96193882e-01 5.58875357e-01
4.52451294e-01 3.29306777e-01
2.58191851e-02 8.41736298e-01
5.25849104e-01 2.76558143e-01
5.95495583e-01 2.29883629e-01
6.02762492e-01 2.25233560e-01
7.28881820e-01 1.47820697e-01
4.22529355e-01 3.52084088e-01
9.22764355e-01 4.04012897e-02
2.80991605e-01 4.71887481e-01
5.61489450e-01 2.52290305e-01
6.72324773e-01 1.81234922e-01
7.07502012e-01 1.60190984e-01
5.52872836e-01 2.58121060e-01
3.07242519e-02 8.26660535e-01
9.80190933e-01 1.12021955e-02
8.74117755e-02 7.06762741e-01
2.18791225e-02 8.53741954e-01
5.49304823e-01 2.60604713e-01
9.89060722e-01 6.57439753e-03
1.41792774e-01 6.25475796e-01
1.80052834e-01 5.77558857e-01
7.45286167e-02 7.29459737e-01
2.73909455e-01 4.79031857e-01
1.52191327e-01 6.11788082e-01
7.05956799e-01 1.61113038e-01
7.93781688e-01 1.10434190e-01
4.16714790e-02 7.98196803e-01
2.93174212e-01 4.60702841e-01
9.93799996e-01 4.21473456e-03
6.37655426e-01 2.02751619e-01
3.51020574e-01 4.09202409e-01
8.52677353e-01 7.81670698e-02
3.55373945e-01 4.05650501e-01
1.54962451e-01 6.07980565e-01
5.36289102e-01 2.69140716e-01
2.38146427e-01 5.14466904e-01
1.51149808e-03 9.63307001e-01
8.42880423e-01 8.29658491e-02
1.45973111e-01 6.20075276e-01
9.62983569e-01 1.99169819e-02
3.10898722e-01 4.44583706e-01
8.24693109e-01 9.34741855e-02
5.13995000e-01 2.84931792e-01
5.52517525e-02 7.67411484e-01
8.04188469e-01 1.04610977e-01
6.18744454e-01 2.14740416e-01
5.54528389e-03 9.28522039e-01
4.06761676e-04 9.81987799e-01
8.98692443e-01 5.41097586e-02
6.66818188e-01 1.84932255e-01
3.64557352e-01 3.97956018e-01
3.65565823e-02 8.10604403e-01
1.28048503e-03 9.66399662e-01
1.37902191e-01 6.30907359e-01
5.68079133e-01 2.48524193e-01
9.24538798e-01 3.94858455e-02
1.05179491e-01 6.77782124e-01
1.64232829e-01 5.96524827e-01
7.17633932e-01 1.54193475e-01
4.20331742e-01 3.53741530e-01
6.11519395e-01 2.19228796e-01
7.64973756e-01 1.26703761e-01
8.75127513e-01 6.58233270e-02
7.49162518e-01 1.35707119e-01
8.07620293e-01 1.03837345e-01
1.66420776e-01 5.94477111e-01
8.09781590e-01 1.01281506e-01
9.45845257e-01 2.84564632e-02
1.26547436e-01 6.45947744e-01
8.16884921e-01 9.75439432e-02
2.32124017e-02 8.50112767e-01
8.45825216e-01 8.16674215e-02
2.33348595e-01 5.19403073e-01
4.37155278e-01 3.40570599e-01
5.12431186e-02 7.75270186e-01
3.40013081e-01 4.18335368e-01
2.12010511e-02 8.56544263e-01
6.96725365e-01 1.66901850e-01
4.75739847e-01 3.12224189e-01
3.27783754e-01 4.29916525e-01
9.14377373e-01 4.51445990e-02
3.81205406e-01 3.84446672e-01
4.87215273e-01 3.03870506e-01
4.40403601e-01 3.38432857e-01
4.55978203e-01 3.26678671e-01
1.15047890e-01 6.62489867e-01
6.26617902e-01 2.10102646e-01
2.11275208e-01 5.42054580e-01
5.05986701e-01 2.90932969e-01
4.12674211e-01 3.59514904e-01
9.93050925e-01 4.57984047e-03
3.22654640e-01 4.34227385e-01
4.60494672e-01 3.23320951e-01
2.44346858e-01 5.08070715e-01
8.09079167e-02 7.17706961e-01
7.41337968e-01 1.40553760e-01
7.59699322e-01 1.29623976e-01
6.34197353e-01 2.04821826e-01
7.82656690e-01 1.16623646e-01
2.64237726e-01 4.88202305e-01
1.28648879e-01 6.43677079e-01
8.91240921e-01 5.70797378e-02
7.11265219e-01 1.57962157e-01
7.01286263e-03 9.18423604e-01
2.82873990e-01 4.70064560e-01
5.69826676e-01 2.46694817e-01
6.74568644e-02 7.43632079e-01
4.81816606e-01 3.07859253e-01
4.96093239e-03 9.31792114e-01
2.83886531e-03 9.48775566e-01
4.15425195e-01 3.57528677e-01
5.93412585e-01 2.31058049e-01
4.32291904e-01 3.44776857e-01
6.85141468e-02 7.40656163e-01
2.05272352e-01 5.48763868e-01
5.00742789e-01 2.94187866e-01
1.02648853e-01 6.81745003e-01
1.31353291e-01 6.40257369e-01
2.20092597e-01 5.33962070e-01
1.51250880e-01 6.13318321e-01
2.92373211e-02 8.31397837e-01
2.78591671e-01 4.74342560e-01
1.04847768e-03 9.70786530e-01
9.17806560e-01 4.34348739e-02
3.45200864e-01 4.14129498e-01
2.26660650e-01 5.26484051e-01
6.89885124e-01 1.71086803e-01
2.35656953e-01 5.16375012e-01
6.62158876e-01 1.87473859e-01
6.49389793e-01 1.95671824e-01
2.03482618e-02 8.59692937e-01
7.36038810e-03 9.15920983e-01
7.61901093e-02 7.26336078e-01
6.22335835e-01 2.12491668e-01
3.03841257e-01 4.50884762e-01
1.01068999e-01 6.84442874e-01
4.58621001e-01 3.24612908e-01
6.60157467e-01 1.88873448e-01
3.20574087e-01 4.35684778e-01
9.56549961e-01 2.33376995e-02
1.72241065e-01 5.86848495e-01
5.99086127e-01 2.27999380e-01
5.83277571e-01 2.37607479e-01
3.56940851e-01 4.04380042e-01
2.00037842e-01 5.55195010e-01
9.64913879e-01 1.88819146e-02
1.43298695e-02 8.83218176e-01
6.39187839e-01 2.01675815e-01
6.17562666e-01 2.15541926e-01
1.04496361e-02 8.99812781e-01
5.02129759e-01 2.93188018e-01
2.84570121e-01 4.68444817e-01
1.10820352e-02 8.96853863e-01
2.48643438e-01 5.03388549e-01
4.06646969e-01 3.63935530e-01
5.99476088e-01 2.27318100e-01
1.03676737e-01 6.80139099e-01
8.59776826e-01 7.39247501e-02
3.28433406e-02 8.21052894e-01
7.75414387e-02 7.24089676e-01
9.19051731e-01 4.25853867e-02
2.98203179e-01 4.56063233e-01
2.42252602e-01 5.09747132e-01
6.86417225e-01 1.73193481e-01
4.79908721e-01 3.09230132e-01
5.96343130e-02 7.58448026e-01
6.45535289e-01 1.97924593e-01
7.25948771e-01 1.49407188e-01
3.37796632e-01 4.20589398e-01
4.74089308e-02 7.84814412e-01
6.43090166e-01 1.99387508e-01
9.20964245e-02 6.98441282e-01
4.18044244e-01 3.55234577e-01
8.51677453e-01 7.89134979e-02
3.42915154e-01 4.16073611e-01
9.59767354e-01 2.16202681e-02
6.41602402e-01 2.00205950e-01
9.86283220e-01 7.93640655e-03
2.39612359e-01 5.12352893e-01
7.97067680e-01 1.08812102e-01
7.99617467e-01 1.07165133e-01
4.50122926e-01 3.31033043e-01
5.04938934e-01 2.91335587e-01
6.47105106e-01 1.97104841e-01
1.06973927e-01 6.74975689e-01
1.43500156e-01 6.23360304e-01
3.31443441e-01 4.26134654e-01
2.33691124e-03 9.54793717e-01
9.27823220e-01 3.77595770e-02
8.30876362e-01 8.99058803e-02
5.91425030e-02 7.59456623e-01
7.35215056e-01 1.44156511e-01
7.91848505e-01 1.11773337e-01
5.78554117e-01 2.40530364e-01
6.49262181e-03 9.22211719e-01
1.13224767e-01 6.65926276e-01
7.52161555e-01 1.34341715e-01
4.47395061e-01 3.33114190e-01
6.58080407e-01 1.89959509e-01
8.78792272e-01 6.38633779e-02
1.57391461e-01 6.05479473e-01
1.46928663e-01 6.18806458e-01
4.73616812e-01 3.13793259e-01
1.68607285e-02 8.72556186e-01
6.31347565e-01 2.06910693e-01
1.11613342e-01 6.68598270e-01
2.51455397e-01 5.00354617e-01
4.45974285e-01 3.34047155e-01
1.82192219e-01 5.75222802e-01
5.41430675e-01 2.65959696e-01
8.35859809e-02 7.12850476e-01
1.87597835e-02 8.65666131e-01
8.33306455e-01 8.84896367e-02
3.00516962e-01 4.53943041e-01
5.44080649e-01 2.63822581e-01
3.30087775e-01 4.27898638e-01
3.37013668e-01 4.21782071e-01
1.97714731e-01 5.57150866e-01
1.88283263e-01 5.68230064e-01
5.16774665e-01 2.83025770e-01
8.29157092e-01 9.10179228e-02
7.00056618e-01 1.64636480e-01
9.35005777e-02 6.96125110e-01
7.79737980e-01 1.18637038e-01
1.32501061e-01 6.38049017e-01
9.98460504e-01 1.85598964e-03
7.86548528e-01 1.14737525e-01
1.86774079e-03 9.58861424e-01
6.88661080e-01 1.71825489e-01
6.66321178e-05 9.95949278e-01
7.89091854e-01 1.13062045e-01
8.89267093e-02 7.04501157e-01
4.09101985e-01 3.61964406e-01
6.07078135e-01 2.22207758e-01
3.18891003e-01 4.37036519e-01
6.11799317e-02 7.55094350e-01
1.21178793e-01 6.53481769e-01
2.86899354e-01 4.66527506e-01
9.10932631e-01 4.69573560e-02
1.15852934e-01 6.61312253e-01
8.48422929e-01 8.01013565e-02
8.68511292e-01 6.91566299e-02
4.68107277e-01 3.17799474e-01
4.39239127e-01 3.39065140e-01
7.14527720e-01 1.56127538e-01
2.54241600e-01 4.97877435e-01
5.97783695e-03 9.24818820e-01
4.04209812e-01 3.66017706e-01
2.02980503e-01 5.51775980e-01
1.49246875e-02 8.80187276e-01
8.65370461e-01 7.12076877e-02
1.19852270e-01 6.55666345e-01
2.34478292e-01 5.17533866e-01
7.33197066e-01 1.45315355e-01
1.17310295e-01 6.59278425e-01
2.51455397e-01 5.00354617e-01
1.74249321e-01 5.84509398e-01
9.13058734e-01 4.59152670e-02
2.03696110e-01 5.50422565e-01
8.24896773e-02 7.15600728e-01
4.55766682e-02 7.89005582e-01
1.78412579e-02 8.69441915e-01
4.71055654e-01 3.15705939e-01
2.40895631e-01 5.10992344e-01
4.35073162e-01 3.42350524e-01
4.65614551e-01 3.19659535e-01
8.68288690e-01 6.96333102e-02
3.66846224e-01 3.96385657e-01
2.09423329e-01 5.44088011e-01
1.68857194e-01 5.91017166e-01
5.11501265e-01 2.86705820e-01
2.08798012e-01 5.44771312e-01
5.89722951e-01 2.33747313e-01
9.77938476e-01 1.21707505e-02
1.22897107e-01 6.51035057e-01
8.86079365e-01 6.08468748e-02
5.86251779e-01 2.35869203e-01
2.45741324e-01 5.06092303e-01
3.59356778e-01 4.02421851e-01
3.01720765e-01 4.53172585e-01
2.73233780e-01 4.79205003e-01
9.69091227e-01 1.65344091e-02
8.18020798e-03 9.11703235e-01
7.15686160e-01 1.55467094e-01
4.69157313e-01 3.16744476e-01
8.58508389e-01 7.47827574e-02
9.36228048e-01 3.31265596e-02
6.14702938e-01 2.17178106e-01
9.94840920e-02 6.86713606e-01
9.34139333e-01 3.46183609e-02
8.66645257e-05 9.92501712e-01
1.48561739e-01 6.16746693e-01
3.05131348e-01 4.49497169e-01
3.15265000e-01 4.40371150e-01
2.46604770e-01 5.05208423e-01
9.58837119e-01 2.19520955e-02
4.11582556e-01 3.60836747e-01
8.00768843e-03 9.12615278e-01
9.67307298e-01 1.77561833e-02
6.33712345e-01 2.05870400e-01
1.36452328e-01 6.32791026e-01
5.47934648e-01 2.61464506e-01
7.82091908e-01 1.17299598e-01
5.77681699e-01 2.41422525e-01
9.08535288e-01 4.78839813e-02
1.78319110e-01 5.79635149e-01
7.20512841e-01 1.52642164e-01
1.55734696e-01 6.07266352e-01
5.60109555e-01 2.53191555e-01
3.89196510e-02 8.05210787e-01
8.62558217e-01 7.24551751e-02
7.41806723e-01 1.40217744e-01
8.83097060e-01 6.13461737e-02
2.26397846e-04 9.87962398e-01
7.23261675e-01 1.52337822e-01
6.24933666e-02 7.52526630e-01
4.63069426e-01 3.21277938e-01
3.22882639e-03 9.45276717e-01
7.74759513e-01 1.21337378e-01
6.95084879e-02 7.38113087e-01
2.91096321e-01 4.62605813e-01
2.14980340e-01 5.38047154e-01
7.72196169e-01 1.22450289e-01
1.48561739e-01 6.16746693e-01
8.07057450e-04 9.73844883e-01
7.29776169e-02 7.31429156e-01
5.43202365e-02 7.69552674e-01
3.32199703e-02 8.19630322e-01
7.62177398e-01 1.28140891e-01
4.89224056e-01 3.02356641e-01
7.76865829e-01 1.19977622e-01
5.22080500e-01 2.79182464e-01
3.97536401e-02 8.02249827e-01
4.34068315e-01 3.42708558e-01
6.51016835e-01 1.94323270e-01
6.30687263e-02 7.51439584e-01
5.91188726e-01 2.32465493e-01
1.61382055e-01 6.00317563e-01
1.80566982e-02 8.68432900e-01
4.62850798e-01 3.21727747e-01
7.53015136e-01 1.33644484e-01
9.32180163e-01 3.59551025e-02
7.44436137e-01 1.38584619e-01
4.45038892e-02 7.91788800e-01
1.34941813e-04 9.90880753e-01
1.06745983e-01 6.75434397e-01
3.81026447e-01 3.84637310e-01
4.94171809e-01 2.98852555e-01
3.39358615e-03 9.43829771e-01
1.24155666e-01 6.49298701e-01
6.09000652e-01 2.20805985e-01
6.86368497e-04 9.77898473e-01
1.36523134e-02 8.85535677e-01
4.86070512e-02 7.82204353e-01
9.52317502e-01 2.54123318e-02
4.61387462e-02 7.86785708e-01
5.23766033e-01 2.78078511e-01
3.17446274e-01 4.38829212e-01
2.12876481e-01 5.40341499e-01
8.23931670e-01 9.36264285e-02
4.72317616e-01 3.14676266e-01
4.91619175e-01 3.00694067e-01
6.74367171e-01 1.80135943e-01
2.57132154e-01 4.95241474e-01
1.93675310e-03 9.58011035e-01
1.60961135e-02 8.75534548e-01
1.33674454e-01 6.36143890e-01
7.86548528e-01 1.14737525e-01
8.96609306e-01 5.42777233e-02
5.87593910e-01 2.34988387e-01
5.34676212e-02 7.71128458e-01
4.94171809e-01 2.98852555e-01
4.91839812e-01 3.00510238e-01
2.72547462e-02 8.37432549e-01
8.93099852e-03 9.08393018e-01
2.13479755e-01 5.39748471e-01
7.47379737e-01 1.37115909e-01
4.32822777e-02 7.94806882e-01
3.59116119e-01 4.02560322e-01
7.57505803e-01 1.30959027e-01
1.25527446e-02 8.90386303e-01
4.66224621e-01 3.19213152e-01
2.18388817e-01 5.34515496e-01
1.93630433e-02 8.63898706e-01
1.73280926e-01 5.85593731e-01
7.23879013e-02 7.32710280e-01
3.12488074e-01 4.42618963e-01
8.80885421e-01 6.25941426e-02
1.20582375e-02 8.92201620e-01
5.27341645e-02 7.73169221e-01
1.78070812e-01 5.80532235e-01
5.21080064e-01 2.80051873e-01
3.69483760e-01 3.94297548e-01
6.28390763e-01 2.08652799e-01
1.19664698e-01 6.57344348e-01
5.12349934e-01 2.86455126e-01
6.04657127e-01 2.23799569e-01
1.29378328e-02 8.88647091e-01
2.07234316e-01 5.47084426e-01
2.23918759e-01 5.28682163e-01
5.56587502e-01 2.55510417e-01
2.86226387e-01 4.66924408e-01
7.78321584e-01 1.19130996e-01
3.45155077e-01 4.14353870e-01
8.93496591e-01 5.58885848e-02
3.50892960e-01 4.09327025e-01
5.54306715e-01 2.57212780e-01
7.97808622e-01 1.08300160e-01
1.75630683e-01 5.82634459e-01
4.39462856e-02 7.92004336e-01
8.18853435e-01 9.65266671e-02
8.47905130e-01 8.05169265e-02
9.87668630e-01 7.43633637e-03
8.29157092e-01 9.10179228e-02
3.71412535e-02 8.09022402e-01
7.57190013e-01 1.31481491e-01
1.21989826e-01 6.52292904e-01
1.24155666e-01 6.49298701e-01
2.83418128e-02 8.34472147e-01
4.77850524e-01 3.10727686e-01
7.44436137e-01 1.38584619e-01
7.12220587e-01 1.57376656e-01
2.97458044e-04 9.85518810e-01
9.75826441e-01 1.34351581e-02
2.89178396e-01 4.64409542e-01
7.67036420e-01 1.25409954e-01
7.00495273e-04 9.77639826e-01
7.90114781e-01 1.12760318e-01
4.50832380e-01 3.30396917e-01
2.01118041e-01 5.53234677e-01
2.89178396e-01 4.64409542e-01
7.10669708e-02 7.35127333e-01
